fc:e2:2e:62:9b:3d,2.688683131805121,-59,A
ea:2f:93:a6:98:20,2.688683131805121,-59,B
e2:77:fc:f9:04:93,2.73460228893,-57,C
b8:27:eb:bd:10:09,2.45583143447,-48,D
b8:27:eb:7c:ff:08,2.45583143447,-45,E