fc:e2:2e:62:9b:3d,2.688683131805121,-59,A
ea:2f:93:a6:98:20,2.688683131805121,-59,B
e2:77:fc:f9:04:93,0.498289214233,-56,C
b8:27:eb:bd:10:09,-0.227397645775,-43,D
b8:27:eb:7c:ff:08,1.82968688085,-40,E